m = 
2
n = 
2
2018-05-05 22:20:55.813285

c = s*tf.transpose(u)->Tensor("mul:0", shape=(2, 2), dtype=float32)
2018-05-05 22:25:28.687681
c = s*tf.transpose(u)->[[-0.4082482  -0.7071068 ]
 [-0.40824828  0.7071067 ]]
2018-05-05 22:25:56.408200
c = s*tf.transpose(u)->[[-0.4082482  -0.7071068 ]
 [-0.40824828  0.7071067 ]]
[[-0.7071067 -0.7071068]
 [-0.7071068  0.7071067]]
[[-4.0824831e-01  7.0710677e-01]
 [-8.1649661e-01 -2.9802322e-08]
 [-4.0824828e-01 -7.0710683e-01]]
-------------------------------------------------------------------------- 2018-05-05 22:29:41.536504

u.eval()[[-0.7071067 -0.7071068]
 [-0.7071068  0.7071067]]
v.eval()[[-4.0824831e-01  7.0710677e-01]
 [-8.1649661e-01 -2.9802322e-08]
 [-4.0824828e-01 -7.0710683e-01]]
-------------------------------------------------------------------------- 2018-05-05 22:30:47.106339


-------------------------------------------------------------------------- 2018-05-05 22:33:11.611585
u.eval()[[-0.7071067 -0.7071068]
 [-0.7071068  0.7071067]]
v.eval()[[-4.0824831e-01  7.0710677e-01]
 [-8.1649661e-01 -2.9802322e-08]
 [-4.0824828e-01 -7.0710683e-01]]
c = s*tf.transpose(u)->[[-0.4082482  -0.7071068 ]
 [-0.40824828  0.7071067 ]]

-------------------------------------------------------------------------- 2018-05-05 22:34:04.343286
u.eval()[[-0.7071067 -0.7071068]
 [-0.7071068  0.7071067]]
v.eval()[[-4.0824831e-01  7.0710677e-01]
 [-8.1649661e-01 -2.9802322e-08]
 [-4.0824828e-01 -7.0710683e-01]]
c = s*tf.transpose(u)->[[-0.4082482  -0.7071068 ]
 [-0.40824828  0.7071067 ]]
c.shape(2, 2)

-------------------------------------------------------------------------- 2018-05-05 22:36:04.893570
u.eval()[[-0.7071067 -0.7071068]
 [-0.7071068  0.7071067]]
v.eval()[[-4.0824831e-01  7.0710677e-01]
 [-8.1649661e-01 -2.9802322e-08]
 [-4.0824828e-01 -7.0710683e-01]]
s.eval()[0.5773502 1.       ]
s.shap(2,)
c = s*tf.transpose(u)->[[-0.4082482  -0.7071068 ]
 [-0.40824828  0.7071067 ]]
c.shape(2, 2)

-------------------------------------------------------------------------- 2018-05-05 22:38:03.691662
u.eval()[[-0.7071067 -0.7071068]
 [-0.7071068  0.7071067]]
v.eval()[[-4.0824831e-01  7.0710677e-01]
 [-8.1649661e-01 -2.9802322e-08]
 [-4.0824828e-01 -7.0710683e-01]]
s.eval()[0.5773502 1.       ]
s.shap(2,)
c = s*tf.transpose(u)->[[-0.4082482  -0.7071068 ]
 [-0.40824828  0.7071067 ]]
c.shape(2, 2)

-------------------------------------------------------------------------- 2018-05-05 22:38:22.503036
u.eval()[[-0.7071067 -0.7071068]
 [-0.7071068  0.7071067]]
v.eval()[[-4.0824831e-01  7.0710677e-01]
 [-8.1649661e-01 -2.9802322e-08]
 [-4.0824828e-01 -7.0710683e-01]]
s.eval()[0.5773502 1.       ]
s.shap(2,)
c = s*tf.transpose(u)->[[-0.4082482  -0.7071068 ]
 [-0.40824828  0.7071067 ]]
c.shape(2, 2)

-------------------------------------------------------------------------- 2018-05-05 22:39:39.036507
u.eval()[[ 4.0824825e-01 -7.0710665e-01]
 [ 8.1649649e-01  5.9604645e-08]
 [ 4.0824825e-01  7.0710677e-01]]
v.eval()[[ 0.70710677  0.7071068 ]
 [ 0.7071068  -0.70710677]]
s.eval()[0.5773503 1.0000001]
s.shap(2,)

-------------------------------------------------------------------------- 2018-05-05 22:47:10.163203

-------------------------------------------------------------------------- 2018-05-05 22:47:25.762257
m,n = A.get_shape()32

-------------------------------------------------------------------------- 2018-05-05 22:53:39.377113
diagS = tf.diag(s)->[[0.5773503 0.       ]
 [0.        1.0000001]]

-------------------------------------------------------------------------- 2018-05-05 22:54:30.578769
diagS = tf.diag(s)->[[0.5773503 0.       ]
 [0.        1.0000001]]
diagS.shape->(2, 2)

-------------------------------------------------------------------------- 2018-05-05 22:57:31.820158

-------------------------------------------------------------------------- 2018-05-05 22:58:49.047584

-------------------------------------------------------------------------- 2018-05-05 23:04:20.358519

-------------------------------------------------------------------------- 2018-05-05 23:04:52.917269
E ->
-------------------------------------------------------------------------- 2018-05-05 23:05:58.428761
E ->
-------------------------------------------------------------------------- 2018-05-05 23:06:28.634622
E ->[[0.5773503 0.        0.       ]
 [0.        1.0000001 0.       ]]
E.shape->(2, 3)

-------------------------------------------------------------------------- 2018-05-05 23:07:32.843870
E ->[[0.5773503 0.        0.       ]
 [0.        1.0000001 0.       ]]
E.shape->(2, 3)
c = E*tf.transpose(u)->[[ 2.3570226e-01  0.0000000e+00  0.0000000e+00]
 [-0.0000000e+00  5.9604652e-08  0.0000000e+00]]
c.shape(2, 3)

-------------------------------------------------------------------------- 2018-05-05 23:08:21.492453
E ->[[0.5773503 0.        0.       ]
 [0.        1.0000001 0.       ]]
E.shape->(2, 3)

-------------------------------------------------------------------------- 2018-05-05 23:10:43.787212
E ->[[0.5773503 0.        0.       ]
 [0.        1.0000001 0.       ]]
E.shape->(2, 3)
u.eval()[[ 4.0824825e-01 -7.0710665e-01]
 [ 8.1649649e-01  5.9604645e-08]
 [ 4.0824825e-01  7.0710677e-01]]
v.eval()[[ 0.70710677  0.7071068 ]
 [ 0.7071068  -0.70710677]]

-------------------------------------------------------------------------- 2018-05-05 23:12:29.743958

-------------------------------------------------------------------------- 2018-05-05 23:18:57.539458
u.eval()[[-0.7071067 -0.7071068]
 [-0.7071068  0.7071067]]
v.eval()[[-4.0824831e-01  7.0710677e-01]
 [-8.1649661e-01 -2.9802322e-08]
 [-4.0824828e-01 -7.0710683e-01]]

-------------------------------------------------------------------------- 2018-05-05 23:19:51.494678
u.eval()[[ 4.0824825e-01 -7.0710665e-01]
 [ 8.1649649e-01  5.9604645e-08]
 [ 4.0824825e-01  7.0710677e-01]]
v.eval()[[ 0.70710677  0.7071068 ]
 [ 0.7071068  -0.70710677]]

-------------------------------------------------------------------------- 2018-05-05 23:24:37.990965
u.eval()[[ 0.8174155  0.5760484]
 [ 0.5760484 -0.8174155]
 [-0.        -0.       ]
 [-0.        -0.       ]]
v.eval()[[ 0.40455356  0.91451424]
 [ 0.91451424 -0.40455356]]

-------------------------------------------------------------------------- 2018-05-05 23:31:23.203575
u.eval()[[ 0.8174155  0.5760484]
 [ 0.5760484 -0.8174155]
 [-0.        -0.       ]
 [-0.        -0.       ]]
v.eval()[[ 0.40455356  0.91451424]
 [ 0.91451424 -0.40455356]]
s.eval-->[5.464985   0.36596614]
v_ATA->[[-0.91451424 -0.40455356]
 [ 0.40455356 -0.91451424]]
v_AAT->[[ 0.          0.         -0.57604843  0.8174156 ]
 [ 0.          0.          0.8174156   0.57604843]
 [ 1.          0.          0.          0.        ]
 [ 0.          1.          0.          0.        ]]

-------------------------------------------------------------------------- 2018-05-05 23:53:49.980597
u.eval()[[ 0.8174155  0.5760484  0.         0.       ]
 [ 0.5760484 -0.8174155  0.         0.       ]
 [-0.        -0.         1.         0.       ]
 [-0.        -0.         0.         1.       ]]
v.eval()[[ 0.40455356  0.91451424]
 [ 0.91451424 -0.40455356]]
s.eval-->[5.464985   0.36596614]
v_ATA->[[-0.91451424 -0.40455356]
 [ 0.40455356 -0.91451424]]
v_AAT->[[ 0.          0.         -0.57604843  0.8174156 ]
 [ 0.          0.          0.8174156   0.57604843]
 [ 1.          0.          0.          0.        ]
 [ 0.          1.          0.          0.        ]]

-------------------------------------------------------------------------- 2018-05-05 23:54:12.514500
u.eval()[[ 4.0824825e-01 -7.0710665e-01  5.7735014e-01]
 [ 8.1649649e-01  5.9604645e-08 -5.7735032e-01]
 [ 4.0824825e-01  7.0710677e-01  5.7735026e-01]]
v.eval()[[ 0.70710677  0.7071068 ]
 [ 0.7071068  -0.70710677]]
s.eval-->[1.7320507  0.99999994]
v_ATA->[[-0.70710677  0.70710677]
 [ 0.70710677  0.70710677]]
v_AAT->[[ 5.7735026e-01 -7.0710683e-01  4.0824836e-01]
 [-5.7735026e-01  8.7544322e-08  8.1649655e-01]
 [ 5.7735020e-01  7.0710683e-01  4.0824819e-01]]

-------------------------------------------------------------------------- 2018-05-05 23:55:44.243853

-------------------------------------------------------------------------- 2018-05-05 23:56:45.525418
E ->[[0.5773503 0.        0.       ]
 [0.        1.0000001 0.       ]]
E.shape->(2, 3)
u.eval()[[ 4.0824825e-01 -7.0710665e-01  5.7735014e-01]
 [ 8.1649649e-01  5.9604645e-08 -5.7735032e-01]
 [ 4.0824825e-01  7.0710677e-01  5.7735026e-01]]
v.eval()[[ 0.70710677  0.7071068 ]
 [ 0.7071068  -0.70710677]]

-------------------------------------------------------------------------- 2018-05-05 23:58:21.348316
c = E*tf.transpose(u)->[[ 2.3570226e-01  4.7140452e-01  2.3570226e-01]
 [-7.0710671e-01  5.9604652e-08  7.0710683e-01]]
c.shape(2, 3)
E ->[[0.5773503 0.        0.       ]
 [0.        1.0000001 0.       ]]
E.shape->(2, 3)
u.eval()[[ 4.0824825e-01 -7.0710665e-01  5.7735014e-01]
 [ 8.1649649e-01  5.9604645e-08 -5.7735032e-01]
 [ 4.0824825e-01  7.0710677e-01  5.7735026e-01]]
v.eval()[[ 0.70710677  0.7071068 ]
 [ 0.7071068  -0.70710677]]

-------------------------------------------------------------------------- 2018-05-05 23:59:35.480735
c = E*tf.transpose(u)->[[ 2.3570226e-01  4.7140452e-01  2.3570226e-01]
 [-7.0710671e-01  5.9604652e-08  7.0710683e-01]]
c.shape(2, 3)
d = v * c[[-0.3333333   0.33333337  0.66666675]
 [ 0.6666666   0.3333333  -0.3333333 ]]
E ->[[0.5773503 0.        0.       ]
 [0.        1.0000001 0.       ]]
E.shape->(2, 3)
u.eval()[[ 4.0824825e-01 -7.0710665e-01  5.7735014e-01]
 [ 8.1649649e-01  5.9604645e-08 -5.7735032e-01]
 [ 4.0824825e-01  7.0710677e-01  5.7735026e-01]]
v.eval()[[ 0.70710677  0.7071068 ]
 [ 0.7071068  -0.70710677]]

-------------------------------------------------------------------------- 2018-05-06 00:01:34.311992
c = E*tf.transpose(u)->[[ 0.14957324  0.10540713  0.          0.        ]
 [ 1.5740483  -2.2335823   0.          0.        ]]
c.shape(2, 4)
d = v * c[[ 1.5        -2.          0.          0.        ]
 [-0.49999997  1.          0.          0.        ]]
E ->[[0.18298312 0.         0.         0.        ]
 [0.         2.7324932  0.         0.        ]]
E.shape->(2, 4)
u.eval()[[ 0.8174155  0.5760484  0.         0.       ]
 [ 0.5760484 -0.8174155  0.         0.       ]
 [-0.        -0.         1.         0.       ]
 [-0.        -0.         0.         1.       ]]
v.eval()[[ 0.40455356  0.91451424]
 [ 0.91451424 -0.40455356]]

-------------------------------------------------------------------------- 2018-05-06 00:06:29.815853

-------------------------------------------------------------------------- 2018-05-06 00:06:57.435308
c = E*tf.transpose(u)->[[-0.4082482  -0.40824828]
 [-0.7071068   0.7071067 ]
 [ 0.          0.        ]]
c.shape(3, 2)
E ->[[0.5773502 0.       ]
 [0.        1.       ]
 [0.        0.       ]]
E.shape->(3, 2)
u.eval()[[-0.7071067 -0.7071068]
 [-0.7071068  0.7071067]]
v.eval()[[-4.0824831e-01  7.0710677e-01  5.7735014e-01]
 [-8.1649661e-01 -2.9802322e-08 -5.7735032e-01]
 [-4.0824828e-01 -7.0710683e-01  5.7735026e-01]]

-------------------------------------------------------------------------- 2018-05-06 00:18:03.394188
[[-0.3333334   0.6666666 ]
 [ 0.33333328  0.3333333 ]
 [ 0.6666667  -0.3333333 ]]

-------------------------------------------------------------------------- 2018-05-06 00:18:42.432027
[[-0.3333333   0.33333337  0.66666675]
 [ 0.6666666   0.3333333  -0.3333333 ]]

-------------------------------------------------------------------------- 2018-05-06 00:21:00.292369
c = E*tf.transpose(u)->[[ 2.3570226e-01  4.7140452e-01  2.3570226e-01]
 [-7.0710671e-01  5.9604652e-08  7.0710683e-01]]
c.shape(2, 3)
E ->[[0.5773503 0.        0.       ]
 [0.        1.0000001 0.       ]]
E.shape->(2, 3)
d = v * c[[-0.3333333   0.33333337  0.66666675]
 [ 0.6666666   0.3333333  -0.3333333 ]]

-------------------------------------------------------------------------- 2018-05-06 00:21:37.096663
c = E*tf.transpose(u)->[[-0.4082482  -0.40824828]
 [-0.7071068   0.7071067 ]
 [ 0.          0.        ]]
c.shape(3, 2)
E ->[[0.5773502 0.       ]
 [0.        1.       ]
 [0.        0.       ]]
E.shape->(3, 2)
d = v * c[[-0.3333334   0.6666666 ]
 [ 0.33333328  0.3333333 ]
 [ 0.6666667  -0.3333333 ]]
